1 2000
396 214
679 141
844 423
1285 407
2272 741
2763 161
3637 398
4138 562
4296 938
4651 11
5284 105
5418 448
6412 525
6890 87
7153 546
7463 921
7871 453
8097 22
8231 649
8426 335
9158 486
10071 552
10884 663
11556 13
12070 528
12988 150
13382 963
13685 696
14392 700
15117 218
15800 146
15808 707
16507 902
17170 825
17762 507
18405 994
19330 5
19639 579
20298 10
20696 972
21084 613
21783 170
21840 70
22389 767
23172 998
23976 718
24665 825
25602 445
26338 504
27249 332
28087 132
28118 706
28607 222
29106 507
29808 227
29817 769
30410 599
30971 119
31682 858
32476 788
33239 572
33268 702
33676 633
34516 825
34772 766
35624 849
36618 481
37474 385
38078 191
38398 285
38719 721
38803 960
39532 46
40095 690
40229 666
40541 110
41184 334
41223 632
42222 308
43107 805
43425 964
43772 674
44772 559
44947 850
45574 4
46483 870
46998 891
47860 394
47878 259
47940 191
48101 912
48842 513
49249 814
49794 914
50142 952
50491 897
50727 722
50775 63
51054 683
51893 85
51992 398
52536 410
52657 135
53205 223
54107 590
55090 20
55765 64
56012 801
56895 28
57762 349
58054 135
59022 598
59624 519
60078 193
61008 924
61174 240
61904 231
62236 960
62733 156
63414 813
64285 947
65126 302
65583 716
65590 591
65851 168
66492 425
67272 241
67734 863
68047 387
68999 312
69206 331
69857 983
70375 552
70543 981
71477 476
72270 508
72853 977
73583 137
73685 912
74444 786
74744 722
75040 85
75427 936
75887 721
76250 353
76573 984
77483 287
78372 300
78400 259
78913 600
79199 425
79345 509
79664 917
80262 796
80564 427
80728 610
80864 143
81236 110
81835 993
82749 400
83373 566
84287 85
84879 700
85219 745
85457 16
86419 44
87268 803
87350 545
88023 252
88302 250
88719 273
88986 827
89961 906
90727 845
90887 470
91113 299
91720 330
92417 942
93048 119
93246 690
93516 381
93599 278
94247 989
95224 254
95450 867
96126 271
96204 715
97090 906
98052 736
98369 573
98389 49
98675 943
99047 606
99562 110
99962 569
100213 210
100466 236
101255 485
101445 13
102046 169
102446 945
103195 370
103794 239
104707 982
105682 80
105744 883
105896 426
106518 857
106538 61
107445 755
107675 116
108457 282
108639 154
108712 280
109428 560
109906 397
110237 590
111212 515
111762 744
112633 505
113129 50
113338 302
113618 916
114170 858
114519 475
114621 308
115618 279
116371 646
116514 59
116754 598
117635 76
117990 122
118934 464
119457 844
120054 483
120761 382
121087 439
121208 359
121336 193
122314 681
122516 531
123262 962
124225 929
124291 593
124996 587
125341 957
126055 888
126232 678
126952 417
127482 911
127575 572
128364 784
129207 327
129302 67
129956 62
130093 891
130245 439
130989 753
131751 162
132353 706
132849 886
132971 761
133308 444
133554 477
134554 662
134616 112
135318 30
135900 299
136041 740
136937 228
137687 816
138027 745
138634 673
138722 972
139615 545
140521 933
140537 44
140824 907
141150 834
141559 699
142558 121
143046 783
143749 408
144374 859
144811 798
144829 652
145073 907
145232 218
145673 596
146272 764
146899 570
147000 922
147221 92
147908 452
148519 915
148772 475
149720 664
150409 537
150910 690
151474 922
151999 184
152504 451
153134 673
153443 20
154355 912
155139 760
155241 182
155803 446
156766 213
157327 901
157362 103
157924 513
158170 336
158183 540
159129 148
159194 863
159734 739
160663 125
160896 684
161827 31
162352 631
163106 428
163395 175
163726 789
164290 826
164805 865
164891 120
165854 45
166562 779
167022 479
167955 750
168768 961
169553 5
169885 250
170243 934
170786 635
171142 775
171723 80
172024 991
172611 688
173486 262
174331 96
174889 281
175563 188
175725 429
176644 337
176682 7
177630 665
178483 734
178703 403
179625 898
180100 935
180539 802
181152 621
181190 234
182177 313
183168 211
184041 580
184059 252
184564 254
184623 784
185279 857
186124 239
186734 505
187688 491
187977 343
188951 647
189485 60
189684 290
190528 592
190564 691
191404 74
191754 664
192710 96
193349 123
193588 947
194162 291
194648 752
195217 28
195713 557
196330 866
197109 257
197347 175
197730 960
197878 699
198243 43
198989 159
199271 994
199879 825
200033 440
200421 142
201056 558
201725 893
202485 665
203393 917
203533 141
204264 119
204758 646
205679 65
205776 813
206570 211
207204 856
207251 323
207577 894
208421 641
209013 447
209577 775
209840 567
209877 16
210417 938
211076 804
211234 418
211523 827
211882 271
212102 19
212762 5
213060 937
213303 302
214203 412
214203 111
214252 232
214296 187
214495 264
215411 25
215430 687
215992 915
216127 744
216886 116
217639 394
217654 812
217917 820
218284 344
218942 380
219849 719
220028 192
220398 196
220968 89
221189 133
221600 486
221986 335
222267 824
222757 14
222804 932
223026 489
223081 866
223234 440
223836 468
224095 792
224916 780
225804 991
226258 395
226866 97
227228 271
227401 539
227746 739
228020 631
228216 825
228258 480
228650 476
229074 80
229265 620
229410 377
230198 6
230321 638
230582 383
230879 811
231527 517
231645 612
231758 840
231921 894
232461 727
232545 491
233127 520
233487 659
234259 290
234370 688
234421 961
234557 348
234908 937
235736 454
236386 965
237093 799
237503 875
238501 268
238617 265
239289 644
239576 37
239658 246
240231 808
241074 552
241991 995
242988 710
243888 655
244075 625
244847 394
245400 261
245921 46
246640 190
246725 822
247560 985
248126 322
248674 780
249627 466
250039 266
250492 634
251051 74
251949 760
251976 286
252044 192
252782 357
253392 340
254034 294
254275 28
254717 656
255483 292
255700 638
256173 620
257048 675
257515 499
258156 61
259077 461
260057 111
260193 270
261188 985
261789 658
262214 398
262928 662
262959 733
263076 526
264047 242
264177 731
265082 134
265105 352
265133 138
265578 452
265988 333
266548 37
267111 483
267196 839
267786 470
268767 864
269354 844
270127 910
270155 565
270627 19
271090 604
271656 741
271861 451
272388 897
273158 294
273441 490
274159 611
275108 69
276027 183
276556 616
276656 106
277561 519
277834 3
278830 228
279086 863
280076 429
280836 346
281304 555
281829 260
282408 88
283065 503
283229 179
284005 103
284351 262
285188 857
285771 937
286535 355
286849 614
287703 587
287730 980
288197 790
288407 267
289359 576
290241 635
290603 328
291065 740
291458 298
291542 648
291971 868
292523 37
293518 138
294411 741
294413 132
294897 553
295103 898
295450 519
296358 643
296638 173
297563 662
298279 404
298972 528
299968 523
300462 116
301406 929
302296 431
302484 410
302805 642
302826 763
303494 855
304364 195
305070 550
305998 790
306151 202
307004 761
307444 769
307498 556
307934 11
308152 826
308662 600
309514 461
309862 71
310836 301
311028 724
311400 188
311590 730
312014 34
312853 448
313743 823
314372 786
314822 216
315822 99
316024 554
316649 200
316703 588
317666 485
317889 532
318216 622
318575 970
319457 247
319525 628
319879 891
320226 958
320449 836
321014 691
321682 715
322604 879
323194 28
323987 626
324911 515
325259 378
325703 613
326590 609
327048 445
327718 283
328386 438
328486 370
329407 275
330001 370
330685 459
331371 435
331926 317
332326 689
332746 448
333105 923
333835 879
334446 16
335105 912
335429 429
335862 905
336008 102
336430 325
337242 23
337627 502
337802 412
338748 156
339549 836
339707 510
340351 520
340434 190
340737 975
340827 93
340884 263
340984 966
341540 64
341605 106
341929 565
342259 988
342468 732
343081 682
343554 152
344490 341
344547 13
345402 862
345765 863
346540 325
346671 824
347631 180
348625 124
348884 129
349167 719
349800 56
350682 15
351497 573
352174 235
352339 240
353324 795
354128 724
355013 134
355826 690
356803 340
357096 185
357237 134
357913 601
357915 213
357980 148
358620 962
358893 918
359553 949
359855 73
360059 448
360615 272
361183 596
361793 401
362192 284
362582 724
363282 808
364146 138
364772 976
365129 903
365293 466
365896 823
366015 957
366031 754
366685 933
366870 792
367656 841
368083 975
368874 762
369059 164
369900 169
370155 19
371104 500
371866 622
372523 245
373415 15
373645 277
373961 488
374021 632
374219 842
374249 770
374512 648
374636 399
375185 398
375602 349
376397 556
377397 153
377575 197
378433 730
378644 478
379393 45
380109 36
380706 384
381415 906
382159 468
382220 931
383201 83
383481 200
384186 552
384585 345
384839 510
385599 768
385912 475
386804 17
387371 486
387436 882
387641 338
388316 204
388819 793
389658 88
390328 560
390729 497
390953 948
391087 827
391979 997
392410 750
393208 72
393296 872
393423 537
394395 453
395168 382
395558 905
396066 252
396225 145
396362 568
396689 655
397277 954
398115 473
398525 551
398646 751
399532 470
399668 757
400410 72
401205 438
401790 867
402734 983
402917 225
403632 672
404029 346
404110 871
404361 751
405082 744
405218 380
405560 956
405780 514
406007 829
406022 261
406501 876
407470 564
407476 293
408206 204
408496 31
408778 513
409071 255
410020 573
410303 474
410775 353
411504 379
412447 784
412672 15
412896 744
413544 985
414050 132
414426 688
414826 173
415233 477
415254 606
415676 507
415757 264
415809 679
416278 589
417198 511
417918 721
418539 26
418948 926
419462 506
420451 234
421013 25
421992 349
422341 412
422351 44
423240 953
424074 99
424790 471
425196 572
425521 550
426315 301
426822 806
427405 652
428270 230
428933 222
429557 598
429786 576
430623 524
431436 37
431713 149
432655 878
432890 433
433747 913
433818 42
434226 51
434364 348
435005 2
435409 725
435561 335
435775 581
436111 40
436267 67
436670 151
436824 890
437693 228
437802 971
438779 492
439745 785
440730 305
440826 239
441259 768
441924 59
442874 91
443861 125
443888 88
444184 37
444292 235
444601 93
445427 396
445533 276
446117 724
446311 432
446560 649
446644 970
446840 393
446846 661
447641 499
447723 280
448152 853
448377 70
448716 460
448916 770
449580 561
450228 431
450581 547
451455 931
452115 304
452993 189
453911 929
454053 610
454575 71
454697 480
454896 340
455646 861
456299 866
457074 483
457260 389
457388 371
457942 817
457971 257
458190 211
458414 337
459075 253
459863 170
460307 36
460688 502
460836 400
461809 378
461896 796
462871 930
463258 520
463679 339
463782 367
463894 209
463908 214
464162 602
464898 708
465391 993
466352 167
467017 142
467607 293
467666 11
468596 680
469371 431
469505 978
469952 137
470831 476
471615 757
471722 887
471742 81
472470 485
473206 579
473339 972
473579 153
473778 734
473965 692
474295 992
475203 70
475862 442
476138 147
476951 565
477264 267
477544 461
477597 586
477969 691
478859 151
479588 348
480532 368
481076 652
482031 809
482809 517
483032 115
483800 553
483857 179
484050 388
484268 764
484704 959
484781 992
485479 405
485963 470
486548 595
486718 271
487717 700
487891 613
488879 509
489855 440
490505 624
491068 884
491778 442
492312 522
492956 739
493245 781
493599 668
494086 820
494963 52
495084 167
495428 260
495892 941
495987 778
496251 15
497088 678
497625 14
498444 360
498728 181
499139 312
499951 981
500901 340
501726 451
502573 588
502618 430
503281 559
503846 990
504685 737
505104 130
505151 186
505857 504
506470 949
506530 868
507253 415
507903 812
508445 102
509324 127
509956 609
510441 151
510526 200
511108 540
511184 881
511628 280
512183 162
512721 835
512956 256
513442 562
514309 208
515280 216
515550 180
515653 51
516115 876
517108 74
517172 106
518125 384
518512 157
519099 767
519469 803
519847 5
520120 807
520337 663
521187 882
521925 618
522554 356
523240 62
523948 565
524658 168
524808 640
525762 923
526632 170
527377 106
527506 581
527916 66
528659 270
528772 51
528857 613
529762 841
530175 288
530897 582
530936 996
531566 882
532142 458
532749 999
533171 346
533801 547
534647 931
535575 896
535971 876
536825 599
537332 383
538176 924
538854 714
539761 489
540532 926
540664 348
541389 417
541637 480
542119 333
542144 323
542940 103
543825 897
544545 225
545542 896
546383 753
547327 948
547834 847
548463 130
549380 338
550347 264
551201 391
551388 888
551629 543
552198 681
552869 197
553186 554
553506 576
554303 684
554317 242
555163 251
555496 777
555697 833
556655 772
557060 534
557805 283
558746 76
558906 760
559773 832
560026 683
560531 529
560630 219
560709 882
560733 884
561193 593
561242 847
561825 175
562610 744
563213 949
564207 321
565203 975
565582 983
565918 629
565982 366
565992 395
566700 676
567322 630
567660 357
567886 39
568534 427
569315 421
569687 177
570147 248
570984 954
571263 786
572024 30
572281 230
572491 162
572549 105
572724 669
573387 278
573661 127
574041 941
574096 770
574450 427
575123 961
575905 822
576092 145
576363 760
577048 969
577281 373
577486 305
577760 362
578224 811
578294 697
579075 670
579978 527
580375 881
580732 982
581311 798
582157 199
582383 958
582749 599
582998 792
583125 553
584003 255
584071 111
584303 878
584490 728
584544 994
584569 870
584939 750
585519 162
586110 567
586329 984
586358 255
587159 473
587541 553
587900 667
588394 781
588648 809
588876 847
589019 297
589373 94
589528 115
590497 800
591430 102
591610 84
592406 882
592546 759
593177 13
593636 399
593750 577
594729 260
594890 1000
595541 517
595764 778
596191 430
596529 438
596605 449
597484 962
598229 240
598993 500
599317 31
599703 972
599966 951
600289 505
601117 172
601370 652
601971 380
602939 174
603149 514
603278 611
604215 376
604323 466
604354 952
604792 776
605590 194
605981 865
606431 713
607397 68
607570 523
607695 11
608111 358
608608 829
608780 369
609048 985
609083 305
609483 825
609728 996
610403 857
611278 773
612020 490
612024 963
612198 894
612487 894
613035 337
613153 885
613616 814
614047 714
614288 331
615092 349
615458 316
615744 262
616245 685
616899 134
617396 556
618065 877
618957 224
619709 102
620218 514
621114 429
621617 115
621727 549
621965 555
622270 626
622795 696
623163 552
623491 627
623838 503
624714 422
625099 204
625319 542
626312 725
626729 918
627286 233
628071 525
628434 633
628591 327
629225 622
629619 795
629874 470
629993 221
630804 852
631081 185
632048 510
632277 343
633184 286
633278 792
634219 1
634551 188
635059 844
635700 598
636486 406
637210 8
637783 157
638212 274
638249 995
638700 998
639386 693
639461 553
639722 492
640105 266
640239 130
640685 139
641054 470
641317 419
641593 93
641721 492
641802 940
642663 524
643634 5
643806 73
644334 644
644569 197
645300 603
645855 242
646160 347
646700 575
646805 916
647010 662
647465 742
648197 753
648949 96
649121 683
649834 94
650010 482
650713 707
650783 97
651754 975
651888 390
652884 746
652958 375
653275 137
653706 624
653996 365
654273 492
655067 365
655923 995
656482 839
656549 198
656990 234
657324 30
657916 584
657980 642
658069 123
658403 839
658982 13
659749 663
660462 865
660470 257
660993 572
661121 390
662105 344
662346 452
662428 412
662622 467
662863 680
663529 937
663842 974
664308 173
664928 313
665797 667
666696 575
666789 179
667311 967
668305 371
669072 887
669813 530
670299 495
670973 765
671953 629
672734 902
672820 430
672944 923
673501 473
674375 202
674454 809
674828 814
675585 549
676554 525
677194 131
677206 757
677980 358
678828 599
679252 266
679459 461
679537 297
680231 554
680355 904
681301 481
682089 274
682947 513
683197 902
683422 816
684192 22
685167 669
686014 938
686831 520
687260 62
687520 202
688395 185
688721 572
689176 727
689984 560
690512 656
691462 710
691723 74
692596 362
692705 604
693603 481
694586 572
695565 128
695803 925
695941 859
696780 469
697680 664
698236 73
698282 487
699218 416
700188 486
701176 789
701334 1000
702131 121
702271 542
702781 594
702945 700
703235 523
703245 26
703563 529
704449 137
705377 296
705627 355
706018 739
706201 224
706732 590
706901 226
707662 255
708118 592
708166 290
708318 802
708332 211
709072 401
709222 383
709744 883
710023 14
710028 261
710601 819
710980 382
711222 159
711892 63
712606 313
713587 477
714443 865
714855 998
715578 905
716421 741
716992 4
717723 199
718436 623
718696 1
718736 452
719624 297
719835 579
720792 531
721310 282
721917 484
722071 881
722467 217
722491 733
722786 602
722847 364
723021 104
723431 187
723855 457
724393 87
725198 797
725838 70
726410 512
726749 771
727744 737
728589 635
729368 702
729557 532
729947 611
729999 131
730339 253
730851 906
730978 917
731468 713
731894 253
732510 533
732806 42
733800 142
733905 954
733992 595
734563 19
734955 261
735266 447
735861 637
736035 760
736110 620
736561 317
736660 423
737551 322
738061 309
738367 639
739294 975
739364 795
739525 584
740469 83
741125 437
741375 110
741928 173
742246 193
743199 964
743684 280
744071 316
745068 813
745272 180
746037 226
746930 411
747149 680
747202 895
747631 556
748476 573
749319 8
749895 91
750443 58
750788 25
751445 775
752184 554
752199 923
752967 353
753959 960
754547 220
754612 723
754819 400
755499 367
756453 228
757309 771
758171 264
759160 161
759641 247
760588 320
760681 820
761495 610
761620 500
761958 594
762489 267
762733 88
763199 89
763488 469
764152 565
764775 133
765232 461
765337 592
766204 385
766650 430
766970 322
767214 605
767280 548
767906 218
768172 747
768637 603
769620 716
770536 203
770625 853
771436 996
771989 562
772049 560
772341 87
773050 450
773690 608
774267 806
774884 333
775638 774
776206 329
776772 278
777495 153
778126 791
778246 923
779090 24
779911 720
780565 895
781033 850
781796 655
782056 957
782665 112
782670 335
783219 197
783224 31
783530 898
783901 312
783998 137
784280 408
784769 684
785423 625
786417 456
786783 429
787320 625
787370 155
787655 918
787806 734
788015 379
788785 298
789564 439
790315 896
791044 391
791380 864
791976 23
792910 806
793312 600
794109 764
794860 774
795592 108
796280 173
797247 732
798030 77
798586 471
799551 237
799991 382
800472 800
800680 364
800683 836
801098 68
801641 497
801705 563
802330 303
802359 854
803073 221
803115 529
803348 926
804102 188
804609 77
805306 810
805321 130
805915 340
805933 820
806018 822
806745 929
806745 513
807593 762
808498 224
809424 105
809961 844
810346 741
810767 423
811736 632
812369 21
812543 971
812869 373
813025 372
813091 380
813193 415
813769 847
814111 442
814899 472
815540 490
815582 619
815898 124
816484 624
817023 187
817722 882
818593 359
818645 878
818685 435
819301 429
819980 313
820041 350
820565 713
821555 774
821769 258
822206 708
822365 939
822857 694
823606 141
823852 926
824316 66
824491 848
825457 413
826217 752
826513 326
826715 653
827153 692
827288 717
827880 901
828088 909
828990 734
829721 258
829845 646
830451 734
831441 971
832292 816
833088 170
833566 459
834511 388
835277 780
836271 742
837177 56
837790 138
838563 188
838728 614
838808 549
839124 415
839631 371
839664 108
840358 198
841012 467
841488 465
841748 29
841957 921
842838 484
843283 833
843296 837
843981 361
844061 660
844271 12
844400 347
844401 971
844883 717
845149 174
845149 150
845376 605
845569 88
845671 956
845707 343
845745 884
846102 280
846964 755
847177 956
847864 90
848559 15
848788 591
849046 365
849385 827
849504 606
850449 609
851394 426
851858 723
852113 634
853086 981
853344 905
853623 506
853807 284
854483 300
854861 728
855242 909
855571 194
855847 807
856069 411
856395 990
857306 984
857457 771
857589 163
857962 275
858525 522
859274 123
859320 175
860137 315
860687 889
860694 400
860928 707
861618 61
862308 158
862458 161
862728 500
863671 936
864108 452
864524 597
864614 903
864950 409
865775 829
866629 555
867122 511
867603 812
868455 186
869115 718
869992 222
870641 495
871336 646
871503 299
872468 157
872684 332
873579 644
873929 221
874040 502
874367 27
874518 863
874704 685
875245 153
875312 476
875466 411
875944 582
876711 972
877689 363
878304 731
879111 465
879366 247
880037 846
880382 428
880896 492
880983 398
881755 612
882466 450
882728 337
883352 496
883686 940
883742 358
883932 891
884560 948
885224 1
885536 266
885737 916
885921 965
886017 105
886600 178
886966 26
887106 114
887704 891
888490 636
889283 517
889472 743
890350 390
890978 680
891426 132
892352 532
892920 657
893192 301
893687 660
894018 685
894074 361
894656 713
894929 141
895178 78
895441 445
895552 610
896377 197
896940 121
897866 804
898326 217
898843 132
899017 771
899329 249
900184 64
900467 687
901246 24
902036 315
902487 489
903259 618
903573 838
903688 632
903850 375
904265 502
904597 117
905584 352
905987 944
906544 784
906823 974
907537 488
907593 292
908292 490
909009 925
909584 755
910516 610
910765 684
911217 785
911577 597
912572 846
912601 359
913096 107
913594 998
913803 896
914277 467
914890 165
914891 610
915457 832
915650 474
916219 254
917050 873
917545 303
917980 662
918114 222
918365 951
919315 61
919459 380
920135 74
920166 217
920552 510
921306 541
921380 989
921738 833
922575 601
922877 279
923577 886
924483 70
925386 707
926217 979
926733 341
927588 347
927639 293
928239 920
928259 807
928562 334
929389 522
929484 45
929676 377
930597 33
930671 535
931105 183
931842 463
932500 311
932869 335
933235 801
934186 922
934226 780
935136 930
935246 932
935897 186
936614 756
937464 492
938223 569
938868 29
939629 548
939912 264
940095 686
940318 686
940976 599
941376 989
941543 399
942478 602
943212 477
943439 580
944283 619
944610 377
944656 823
944717 877
945626 439
945800 696
945915 171
946469 421
946945 389
947774 204
947834 830
948372 89
948642 454
948767 109
949153 573
949380 42
950301 156
951091 268
951511 638
951973 73
952220 753
952599 766
953383 430
953733 131
954133 644
954597 508
954695 230
955383 52
955928 639
956370 317
956915 551
957767 754
958370 479
959183 35
959365 517
959787 896
960078 578
960560 545
960984 199
961388 881
962090 713
963065 18
963316 337
963554 328
964099 284
964826 537
965555 705
965800 891
966400 311
967134 651
967156 384
967748 448
968395 559
969163 24
969450 19
969725 654
970456 645
970624 376
970915 443
971382 307
971848 51
972463 911
972615 837
973521 938
974130 725
975045 325
975530 838
975545 773
976506 116
977089 504
977734 404
978660 920
979147 179
979884 380
